0 0.042589509375 0.5617572838541667 0.0851790171875 0.37440625781250003
0 0.8076216015625001 0.5489572005208333 0.1966013859375 0.23876654166666667
0 0.51439415 0.5559510260416667 0.1656371890625 0.20612040104166665
0 0.3870551625 0.5004131484375 0.0580879390625 0.07237430208333333
0 0.666404534375 0.5314584765625 0.096395640625 0.11557316666666667
0 0.5919205375 0.5085670963541666 0.054603845312499996 0.08725769010416667
0 0.46744391875 0.4985612578125 0.042865703125 0.05532158854166667
1 0.4810526734375 0.4677779453125 0.029837406249999997 0.06823283072916667
1 0.4441748234375 0.47475895052083333 0.029015410937500003 0.06096542708333333
0 0.40255263125 0.4870647838541667 0.023300154687499998 0.036936083333333335
0 0.418379234375 0.487092921875 0.016197103125 0.026537627604166666
0 0.45235429375 0.4914038098958333 0.023091175 0.032923830729166666
1 0.42542455781250005 0.4760216171875 0.011943592187500001 0.030401869791666664
1 0.15428044999999999 0.42095395052083334 0.11169356718750001 0.14047737239583333
1 0.2507651890625 0.44954388802083334 0.051865953124999996 0.08256217708333334
