0 0.038234239062499994 0.5973408255208333 0.0764684765625 0.46725266927083337
0 0.5973070578125 0.6045711484374999 0.268895775 0.32690636979166665
0 0.0907402375 0.563904015625 0.181480475 0.2879609505208333
0 0.29949305625 0.5125899296875 0.1041872421875 0.1557725390625
0 0.365909415625 0.5148393671875 0.06779744531250001 0.08875302083333332
0 0.3911005828125 0.5091122734375 0.04139774375 0.06897929427083334
0 0.40593341875 0.5011760963541666 0.040182853125 0.06013025520833334
0 0.4979207953125 0.5174764166666667 0.0996107421875 0.15450496875
1 0.45859321093750005 0.4490445989583333 0.0709044765625 0.14783727083333334
1 0.4915244140625 0.45784359375 0.0700432890625 0.16266884114583333
