0 0.55953918125 0.5878812526041667 0.1992684609375 0.24511671614583333
0 0.42803740156250003 0.5330987552083334 0.1225074609375 0.1540758984375
0 0.48644117812500004 0.5249257005208333 0.0775669015625 0.11520353124999999
0 0.7370345015625 0.5291321718750001 0.0631132578125 0.09738178645833334
0 0.712997225 0.5202979583333334 0.035254671875 0.04848544531249999
0 0.6929045265625 0.5151617890625 0.0300774125 0.04150025520833333
0 0.6790985015625 0.507765703125 0.021202110937499997 0.0267080859375
0 0.6207927546875001 0.5156066041666666 0.0471437421875 0.08088896354166666
1 0.6361226234374999 0.49008503125 0.051055398437499996 0.10731794010416668
1 0.6855606625 0.4745053411458333 0.02877015625 0.071078421875
1 0.9269777359375 0.4450069140625 0.146044528125 0.8275138255208333
1 0.067718909375 0.4036644088541667 0.13543781875 0.19592990364583332
1 0.665715653125 0.4895418020833333 0.021810903125 0.049181450520833336
