0 0.52798683125 0.5383582057291666 0.179093984375 0.23038794531249998
0 0.8887115234375 0.550919828125 0.22257695156250001 0.2975846640625
0 0.69520830625 0.46560067708333336 0.0664283046875 0.12196251302083333
0 0.631346909375 0.4750618515625 0.0447971 0.05588097395833333
0 0.5890041265625 0.4542881692708333 0.0230753859375 0.029283880208333335
0 0.736792703125 0.46637151041666663 0.026080340624999997 0.0332605546875
1 0.7653953875 0.4403304765625 0.0196144078125 0.04161653125
1 0.7807041234375001 0.4344931588541667 0.0176856359375 0.03756588541666667
0 0.7856493859375 0.4520158567708333 0.0155977625 0.015858033854166665
0 0.74758174375 0.46015291406250003 0.0208619953125 0.027706328125
