0 0.49584648124999997 0.4808832135416667 0.0327011453125 0.03786433854166667
0 0.26431355 0.5381820364583333 0.15154443281250002 0.18803151302083332
0 0.366850146875 0.5000832708333333 0.06832603125 0.08544368749999999
0 0.317785228125 0.4926622994791667 0.0490274625 0.07404395572916667
0 0.4134628828125 0.49001240885416664 0.0478721359375 0.06300715364583333
0 0.43631634531249996 0.47593464583333334 0.0280642265625 0.0391268828125
1 0.457826390625 0.4413645703125 0.0186398875 0.0373849453125
2 0.4898933171875 0.44320748958333334 0.025274425 0.044230075520833335
0 0.4486644125 0.46400615624999997 0.01674430625 0.0226415859375
0 0.4756465453125 0.4580763567708333 0.015104837500000001 0.019463669270833334
0 0.4855775828125 0.46243610677083336 0.018364093749999998 0.02755307552083333
