0 0.6508981828125 0.6276574921875 0.3147037125 0.36131772395833334
0 0.0234778296875 0.6515731380208333 0.046955659375 0.38844323697916666
0 0.33635181875 0.5147450807291667 0.0830889671875 0.10096118489583333
0 0.38853635937500003 0.5067462864583333 0.058020742187499995 0.0752792578125
0 0.4276937390625 0.5024529817708333 0.042145517187499995 0.054229393229166666
0 0.44652640625 0.4957931666666667 0.0258700953125 0.0400237109375
1 0.4639301734375 0.4731850546875 0.0340917625 0.07537249739583333
0 0.45676838125 0.4926131927083333 0.0195647734375 0.03277001302083333
0 0.5023282546875001 0.5065906458333334 0.0846613234375 0.156184953125
0 0.5609412171875 0.5280247005208333 0.1372037078125 0.21415480208333335
